1
5
7
42
96
400
832
1579
2054
2141
1183
879
614
477
512
405
391
335
327
363
372
424
402
407
412
444
434
556
574
569
647
681
693
762
760
728
707
754
695
655
693
613
618
631
585
577
545
542
516
504
518
481
466
489
457
445
456
492
457
403
413
404
366
397
346
354
356
327
317
302
273
291
257
253
224
257
252
223
209
221
229
208
245
202
236
179
205
236
200
216
190
206
217
194
207
222
226
236
198
235
249
214
221
236
245
264
243
278
293
318
322
288
280
296
287
236
284
210
235
220
221
254
278
350
407
531
541
574
551
635
597
561
508
466
411
397
422
472
454
480
515
567
574
502
599
619
675
812
818
975
1082
1150
1199
1280
1314
1440
1574
1657
1690
1617
1382
970
645
405
285
159
96
73
37
42
30
18
10
20
8
6
3
0
1
0
0
0
0
0
0
2
0
0
0
0
0
0
0
0
0
0
0
0
0
0
0
0
0
0
0
0
0
0
0
0
0
0
0
0
0
0
0
0
0
0
0
0
0
0
0
0
0
0
0
0
0
0
0
0
0
0
0
0
0
0
0
0
0
0
0
0
0
0
0
0
0
0
0
0
0
0
