1548
198
0
207
40
0
21
32
0
14
0
9
5
8
7
13
0
10
3
8
3
0
7
9
11
9
7
6
10
12
44
21
0
17
13
10
5
3
2
1
1
0
0
0
0
0
1
5
1
5
1
0
4
0
2
0
4
0
0
0
2
1
1
1
0
1
3
3
4
8
18
23
23
20
21
10
4
3
0
2
0
8
0
3
0
2
2
7
10
8
5
4
3
3
4
3
4
2
2
2
7
0
11
0
18
0
7
0
9
5
0
7
14
18
0
3
1
1
0
1
1
2
0
12
0
41
0
47
0
17
8
11
3
6
2
6
6
6
2
0
1
0
3
0
0
1
0
2
4
3
10
8
9
5
8
17
0
9
11
26
0
10
4
6
0
1
0
1
0
0
1
1
9
3
5
6
5
1
2
0
4
0
0
2
8
0
2
0
6
0
6
8
7
0
0
1
5
1
1
4
1
3
0
1
0
11
0
5
9
8
0
0
2
4
0
1
0
3
1
0
0
1
4
0
0
2
0
4
0
5
9
0
3
2
1
11
6
0
12
0
8
5
18
23
20
0
28
70
0
59
128
729
820
0
1186
325266
